Acinar_cell	B_cell	Ductal_cell_type_1	Ductal_cell_type_2	Endocrine_cell	Endothelial_cell	Fibroblast_cell	Macrophage_cell	Stellate_cell	T_cell
1	0.0755731446503168	0.0230656992664548	0.166776598508924	0.116687653654734	0.144670304411265	0.0248046211348964	0.333353320941017	0.0273630349183506	0.0766724630728948	0.0110331594411465
2	0.126326730496312	0.0191688820484119	0.0121729396949769	0.101641048192049	0.0906674129005177	0.0535889184273122	0.258090307621579	0.150792540326611	0.0685602350636631	0.118990985228567
3	0.0640628435507406	0.139998800695597	0.0958044334286114	0.113853964700474	0.164204761238482	0.031381798556837	0.0473925123428411	0.076535609346579	0.254052649463311	0.0127126266765276
4	0.215326497571506	0.0184085866762607	0.0608023025724051	0.0881453498830725	0.0992184845395855	0.0176090823689313	0.201415122623973	0.142771481681358	0.07009654014511	0.0862065519377986
5	0.0578652808315011	0.0668798720767539	0.0414551269238457	0.130641615030981	0.318468918648811	0.0227063761742954	0.193284029582251	0.0280431740955427	0.101858884669198	0.0387967219668199
6	0.0100539676194283	0.0525684589246452	0.298540875474715	0.233459924045573	0.102858285028983	0.0154507295622626	0.131601039376374	0.0561263242054767	0.098740755546672	0.000599640215870478
7	0.0582462171940275	0.0202482560115133	0.0270443142977073	0.310359991205101	0.0904475404265526	0.0717184033260709	0.200763557136861	0.0977033320674009	0.0894481200903476	0.0340202682444182
8	0.140875474715171	0.0562462522486508	0.0274635218868679	0.353787727363582	0.00415750549670198	0.0365980411752948	0.181411153308015	0.0751149310413752	0.0629422346592045	0.0614031581051369
9	0.110593643813712	0.0946432140715571	0.0250849490305817	0.200479712172696	0.114131521087348	0.0100939436338197	0.0977613431940836	0.171876873875675	0.160443733759744	0.0148910653607835
10	0.23830178496472	0.0219472705830618	0.0223270503108197	0.192308461092566	0.114893361850127	0.0207679545863399	0.122688840472526	0.0974434827799876	0.167262987467269	0.0020588058925823
11	0.201639016590046	0.0166500099940036	0.0463721766939836	0.155486707975215	0.143793723765741	0.0102538476913852	0.169778133120128	0.114671197281631	0.1111133320008	0.0302418548870678
12	0.157402410505487	0.0575243349123543	0.0629809518098779	0.245807599288441	0.0177090204073474	0.00357778177529931	0.253602766284903	0.0625012492254802	0.100697567508145	0.0381963182826647
13	0.0657218813088409	0.0353195146814847	0.0701792960083152	0.216714305702692	0.096524016070679	0.128105698694757	0.15469027963781	0.087529233044834	0.143496771872314	0.0017190029782726
14	0.0585448730761543	0.024625224865081	0.0954627223665801	0.147551469118529	0.0452528482910254	0.0404157505496702	0.244273435938437	0.133619828103138	0.107235658604837	0.103018189086548
15	0.0634644599024546	0.0490525305828736	0.106160550091949	0.126669065323419	0.170244662988726	0.0398976573119053	0.285540097545375	0.0643039897657312	0.0866314863676341	0.00803550011993284
16	0.153231125946951	0.00681604669291811	0.0191688820484119	0.260229067141058	0.0308421115752863	0.0352195726478642	0.332766995142817	0.026984349077535	0.085730276439665	0.0490115732874933
17	0.175791009574064	0.014291139493514	0.211748715796206	0.150926425616118	0.0417940876656473	0.000859467130379165	0.142011952589395	0.173032719713777	0.065019687793568	0.0245247946273311
18	0.0392172539926842	0.00489715964740451	0.126406684123209	0.115912770593056	0.0783945311719203	0.0599852085790242	0.27530032581103	0.0786543804593336	0.20056367306962	0.0206680125527194
19	0.0319414739451118	0.000939455116032701	0.0788742529332987	0.182634072238102	0.126746487037518	0.049351376201803	0.2343041036199	0.0758560035179596	0.0627635971136741	0.1565891782766
20	0.260923445932441	0.0150709574255447	0.0437937237657406	0.141954827103738	0.117029782130722	0.0326404157505497	0.278732760343794	0.0274835098940636	0.0464921047371577	0.0358784729162503
21	0.0858667626071836	0.0111330974795627	0.0819891667166357	0.176850352781276	0.101736923107673	0.0189282644760249	0.260418540504887	0.131698347024845	0.111950590633807	0.0194279546681058
22	0.0743339129739562	0.0310607423397494	0.19250064959725	0.17928884091863	0.0263236793188223	0.0122124282944574	0.222362135476005	0.199476324678699	0.0557054626131798	0.00673582378925066
23	0.0666186964082269	0.00463712498251084	0.0522076312686135	0.357218524514801	0.0518878295456817	0.00893446063440667	0.203953548799744	0.0258239891267414	0.152785273130659	0.0759329215886151
24	0.105558775909972	0.0698794699074537	0.0156509224649703	0.114253732834956	0.0315017289971816	0.0037178436506826	0.545723480381379	0.0231065981730596	0.0592256491235084	0.031381798556837
25	0.136755211768703	0.212967959864884	0.0733545201974776	0.160160700365773	0.0350982390917631	0.00103935559952829	0.232295976494573	0.0365373468449561	0.0612220423337531	0.0505686474385881
26	0.0492904257445533	0.0471716969818109	0.0572256646012393	0.18360983409954	0.014671197281631	0.0170297821307216	0.257005796522087	0.13485908454927	0.181071357185689	0.0580651609034579
27	0.140235858484909	0.000179892064761143	0.0818908654807116	0.295442734359384	0.0770537677393564	0.0707975214871077	0.234679192484509	0.0372976214271437	0.030161902858285	0.0322606436138317
28	0.0670197881271237	0.0185888466919848	0.0219268438936638	0.3342594443334	0.164321407155707	0.0534679192484509	0.13763741754947	0.0755746552068759	0.116510093943634	0.0106935838496902
29	0.0418740380963802	0.00151905818392597	0.00663588575083448	0.0875657092602586	0.169574863584578	0.00423737282884612	0.466730627011253	0.0772121284803422	0.136355459615039	0.0082948571885431
30	0.0677020868313744	0.000859518669545055	0.014451906932118	0.215499320380587	0.203186215719197	0.0194091308867034	0.356660270248661	0.0333613176621092	0.0631046613896218	0.0257655712800832
31	0.276725033980971	0.0149716158950987	0.0208283361317662	0.249500279843288	0.09846485967858	0.0249660190293436	0.139681778204206	0.0496322059646598	0.115815143519629	0.00941472775245862
32	0.0944452217713726	0.0552479561854125	0.105458833876352	0.169921445561574	0.0450738571628456	0.0025185392472366	0.255371884307102	0.144556157428691	0.0890483519558656	0.0383577525035479
33	0.0436138317009794	0.124785128922646	0.065300819508295	0.156286228263042	0.0795122926244253	0.0949230461722966	0.212292624425345	0.0954827103737757	0.0918249050569658	0.0359784129522287
34	0.0490505696582051	0.043074155506696	0.119728163102139	0.242334599240456	0.119508295022986	0.0597041774935039	0.176074355386768	0.0501099340395763	0.123925644613232	0.0164901059364381
35	0.161123326004397	0.0223266040375775	0.0820707575454727	0.145752548470917	0.0295822506496102	0.0210073955626624	0.160923445932441	0.0577653407955227	0.291724965020987	0.0277233659804118
36	0.262882270637617	0.00415750549670198	0.0718368978612832	0.234559264441335	0.107395562662403	0.0171696981810913	0.171417149710174	0.029222466520088	0.0984209474315411	0.00293823705776534
37	0.0568870055367887	0.107897419496692	0.0946850826520618	0.205260948649783	0.0397569409742349	0.00735573367446881	0.292870135321514	0.0142517339942833	0.154790221671431	0.0262447780287433
38	0.196286154030662	0.0021587479262028	0.0548481880509305	0.239201263267305	0.0141517919606628	0.013192348437906	0.322832757000939	0.0705590757360731	0.0654220552079794	0.0213476183813388
39	0.21930403150047	0.0139713377705822	0.0661589814315125	0.143291159481122	0.0125322300173892	0.0915032679738562	0.291938997821351	0.0395954508204913	0.114429053986528	0.00727548919669805
40	0.126903857685389	0.0193084149510294	0.202198680791525	0.232380571657006	0.0177093743753748	0.00385768538876674	0.233180091944833	0.129142514491305	0.0131321207275635	0.0221866879872077
41	0.171480541286054	0.0491714805412861	0.0771752383617502	0.230366387495253	0.0192488356753083	0.0349997001738991	0.203741829738752	0.0700793539746947	0.095724479801715	0.0480121529512883
42	0.186787927243654	0.0793923645812512	0.100399760143914	0.131880871477114	0.04685188886668	0.0115930441734959	0.278213072156706	0.0295822506496102	0.0514891065360784	0.0838097141714971
43	0.0474924543764616	0.069139898858662	0.0374582742009634	0.1926682524136	0.0154310499910052	0.0507105878590418	0.351436167023127	0.0671610465929761	0.126346718903036	0.042155549781127
44	0.057324458835522	0.00217864923747277	0.0660990186084627	0.273450460714357	0.0803102076712438	0.115628310447523	0.268893286162579	0.0202474465831185	0.0412744098658832	0.0745937518738382
45	0.172756346192285	0.0252848291025385	0.0266640015990406	0.166640015990406	0.0172896262242654	0.25652608434939	0.155946432140716	0.0341794923046172	0.131301219268439	0.013411952828303
46	0.110331594411465	0.00407747196738022	0.0638004437248906	0.234874377885711	0.0440127121184865	0.00205872359137335	0.361515860166697	0.0689772341148488	0.0862265395454818	0.0241250424736663
47	0.0982829958623998	0.0602250694597134	0.0392372423994083	0.239581042995063	0.0638829478902237	0.0310419956425273	0.291530912070999	0.0447140658418117	0.117092086589778	0.0144116412480761
48	0.107177836854624	0.0326610565871794	0.0520098342961083	0.142397409502489	0.0390373583321673	0.0920865897779288	0.30128525455236	0.0685802234703872	0.139718963001459	0.0250454736252973
49	0.104659297607388	0.0168302384616922	0.00961442363429211	0.32780987027524	0.0586060085150613	0.00831517719722561	0.208479082132363	0.0760558875852006	0.0874692678246617	0.102160746766875
50	0.0554478402526535	0.0130924064042855	0.0648224030062564	0.224689679985608	0.0859701373203542	0.0474524775630135	0.312998460892682	0.0233464590537488	0.160726778468488	0.0114533570529093
51	0.122486508095143	0.0256446132320608	0.0478712772336598	0.160123925644613	0.0827503497901259	0.0963821706975815	0.212072756346192	0.13573855686588	0.115190885468719	0.00173895662602439
52	0.0674581759309228	0.0204872978753173	0.0208070995982491	0.330115328496332	0.0417940876656473	0.0172293178229498	0.18212708120965	0.0948611860646399	0.088864903759669	0.136255521576622
53	0.112794579144096	0.170441144136401	0.0254852185732275	0.262507745507606	0.0468928021747387	0.0147314557556617	0.26662535729277	0.043774610725779	0.0360590857302764	0.0206880009594435
54	0.0327803318009195	0.0174895062962223	0.0503497901259244	0.184969018588847	0.14143513891665	0.00385768538876674	0.300619628223066	0.0783729762142714	0.149190485708575	0.0409354387367579
55	0.0473334932437835	0.0092748061085792	0.0394978811865355	0.219617014471896	0.0159510674022547	0.179519469097306	0.257995522507396	0.00629647397457424	0.223254977212761	0.00125929479491485
56	0.142317455875592	0.0776749485298527	0.0824521777369126	0.184592936097064	0.0468128485478423	0.0028783305682704	0.206680125527194	0.0713786004117612	0.14859381558696	0.0366187611185512
57	0.0860666386840159	0.00769522895804601	0.0668185724850593	0.214786832164058	0.0675181387539725	0.0280026383642142	0.293458056005277	0.120805100837481	0.108112969958626	0.00673582378925066
58	0.137634666506766	0.0916231936199556	0.0714556974675701	0.207711219044193	0.0449321420719154	0.0209869880673982	0.150386760208671	0.0572045331894226	0.147428594271552	0.0706362055525574
59	0.143559606620293	0.000219876868953386	0.081114575837531	0.120592468217798	0.15947069641001	0.0445950267850004	0.233529223634765	0.0154113696330055	0.193251779003758	0.00825537698888622
60	0.235998400959424	0.0626624025584649	0.0288826703977613	0.177993204077553	0.104437337597442	0.0426743953627823	0.0847491505096942	0.0210473715770538	0.205616630021987	0.0359384369378373
61	0.0377765785213168	0.0144110651396134	0.0497491555235754	0.157122583997921	0.0548859706981671	0.0658191921008974	0.251803881593412	0.0222861825668086	0.22134276748416	0.124802622374128
62	0.144290539865284	0.0392756490975595	0.0853470848074194	0.234594551378146	0.0643001339169715	0.0654594151625992	0.182666746617097	0.0435330095340889	0.0740540864663908	0.0664787831544442
63	0.194483310013992	0.00637617429542275	0.0331401159304417	0.348810713571857	0.0668199080551669	0.0662602438536878	0.189826104337398	0.0103337997201679	0.0673595842494503	0.0165900459724166
64	0.0601850926462652	0.0664614523576326	0.0536888604609327	0.185052669451718	0.0569869475704092	0.0399568250414759	0.294009474504787	0.154570349197465	0.0320614043854564	0.0570269243838574
65	0.115668285662889	0.01581019767744	0.0310407547320661	0.101696947892307	0.125522176250725	0.056984669504907	0.231196658071995	0.110511482880614	0.0670384361695749	0.144530391157482
66	0.112032780331801	0.0076953827703378	0.123365980411753	0.26194283429942	0.066560063961623	0.0594843094143514	0.196642014791125	0.0440935438736758	0.0982610433739756	0.0299220467719368
67	0.155126923845693	0.061143314011593	0.119268438936638	0.188087147711373	0.0358984609234459	0.00817509494303418	0.23222066759944	0.0891864881071357	0.0756146312212672	0.0352788327003798
68	0.0547460574443845	0.190521876436609	0.0503687713617557	0.115328496332274	0.065019687793568	0.0583038516120006	0.358417780975795	0.0577641862045532	0.0215666286902121	0.0279626631488477
69	0.134456636885131	0.00205872359137335	0.1924406867742	0.207891107513342	0.103315944114649	0.00861465891147489	0.17261297995243	0.00383762067518139	0.158221902420499	0.0165497391617197
70	0.112672396562063	0.0234059564261443	0.0582650409754148	0.157005796522087	0.143833699780132	0.0286028382970218	0.282650409754148	0.0500099940035978	0.130501698980612	0.0130521686987807
71	0.0616617697027843	0.0485498990625812	0.0234654514201195	0.282684735464012	0.0736943095280926	0.00961403929563671	0.216245927524935	0.0673382502848234	0.195798604864984	0.0209470128520317
72	0.125844493304018	0.136218269038577	0.0360983409954028	0.197101738956626	0.043513891665001	0.0386168299020588	0.19838097141715	0.0331001399160504	0.0914051569058565	0.0997201678992604
73	0.0307621579483899	0.0264446620959843	0.0241060185092646	0.12958484079234	0.0890483519558656	0.0749765136220992	0.277179236043095	0.152731415778848	0.151632053409023	0.0435347498450898
74	0.0286827903258045	0.0206476114331401	0.0753347991205277	0.114031581051369	0.146132320607635	0.0457125724565261	0.180431740955427	0.0859284429342395	0.2111133320008	0.0919848091145313
75	0.171153884591553	0.0396953888589075	0.0906038256281106	0.128960044772241	0.0456117207331454	0.0472906797785373	0.249985009294238	0.0553456856748816	0.168955247746397	0.00239851292198837
76	0.0706176294223466	0.0109734159504297	0.122146711972816	0.13088147111733	0.274975014991005	0.0207075754547272	0.179312412552469	0.116809914051569	0.0461722966220268	0.0274035578652808
77	0.222331047992165	0.0217074097023726	0.140158707949389	0.0852305662715625	0.0260648823682264	0.101521117751704	0.188470687001539	0.0493713646085271	0.147254592336445	0.0178896240180695
78	0.0618628822706376	0.00513691784929043	0.0378572856286228	0.227323605836498	0.204137517489506	0.00299820107935239	0.220727563461923	0.0897461523086148	0.085388766739956	0.0648211073355986
79	0.0254647211672996	0.026384169498301	0.0620227863282031	0.196442134719168	0.0896262242654407	0.158444933040176	0.264201479112533	0.110873475914451	0.0445332800319808	0.0220067959224465
80	0.144190601826867	0.0395155003897584	0.0378365413443665	0.256640882652755	0.0322200235853771	0.0238851911814675	0.221782494853191	0.115008694609342	0.0984389678399392	0.0304811017169355
81	0.0946051290251654	0.0355993523756221	0.0504307501649044	0.194727058306182	0.0299626216794259	0.0750164904355474	0.158528053728837	0.090527494053449	0.0769753542945092	0.193627695936357
82	0.0290825504697182	0.0281830901459125	0.0223665800519688	0.242254647211673	0.166560063961623	0.0340195882470518	0.395642614431341	0.0429342394563262	0.0386568059164501	0.000299820107935239
83	0.145592644413352	0.0868478912652409	0.0119928043174096	0.15856486108335	0.0993803717769338	0.000799520287827304	0.228382970217869	0.0997601439136518	0.0944633220067959	0.0742154707175695
84	0.103000259849287	0.0280037578204641	0.0260249055547782	0.135661316436467	0.132203322073198	0.014391652841352	0.340742369425733	0.0312418797097683	0.146934777828859	0.0417957584600931
85	0.0720182294269324	0.0615043274900558	0.113394231345819	0.312758600011993	0.0942453377041316	0.0100541685822223	0.19744548162066	0.0454336484838794	0.0624038057926403	0.0307421695416658
86	0.169175111430913	0.00545661689752354	0.0728748176130799	0.265015690272031	0.0270232455877356	0.0526873338530111	0.23443465051668	0.0152305570546261	0.0697167755991285	0.0883852011752713
87	0.177390018188723	0.00169894665307509	0.0823889188703004	0.155663488637045	0.110411544842198	0.093681917211329	0.232575803002139	0.0360376566528752	0.0669384981311587	0.0432132078111571
88	0.144333399960024	0.0327603437937238	0.123585848490905	0.0749550269838097	0.050249850089946	0.0153108135118929	0.262102738356986	0.125124925044973	0.165860483709774	0.00571657005796522
89	0.0817525835015691	0.0305622738811489	0.0604649303404026	0.246716904195567	0.0778948210038178	0.024785624337884	0.196186211997042	0.0736972555917568	0.145055867596794	0.0628835275540187
90	0.0766739956026384	0.0340995402758345	0.138277033779732	0.18800719568259	0.11611033379972	0.0576254247451529	0.300799520287827	0.0412152708374975	0.0266040375774535	0.0205876474115531
91	0.0938636817909254	0.0592444533280032	0.0693783729762143	0.074875074955027	0.0475514691185289	0.0410753547871277	0.191764941035379	0.0367579452328603	0.341495102938237	0.0439936038376974
92	0.137897261643014	0.0276234259444333	0.160903457925245	0.204917049770138	0.0251649010593644	0.0484309414351389	0.158245052968219	0.0503897661403158	0.180911453128123	0.0055166899860084
93	0.189510084151192	0.0036778668372344	0.097123668272402	0.124287913010454	0.0338203841771772	0.0189290211677227	0.273021647444482	0.0434747846249176	0.0362789582042415	0.179875672110176
94	0.0876673995602638	0.0765540675594643	0.0322206675994403	0.211093343993604	0.0668998600839496	0.0935838496901859	0.254987007795323	0.0272436538077154	0.123186088346992	0.0265640615630622
95	0.0976414151509095	0.0777133719768139	0.0307015790525685	0.161623026184289	0.0657205676594044	0.0776334199480312	0.335578652808315	0.0246052368578853	0.105496701978813	0.0232860283829702
96	0.246217194027464	0.0107737512242899	0.152291670830918	0.0864498590817326	0.102600491714805	0.0045573567330948	0.200803533950309	0.0494313298286994	0.103300085950149	0.043574726658538
97	0.0589234674501809	0.00545661689752354	0.128360416541744	0.141732126081829	0.0747936279506706	0.0382762687133977	0.155923327536927	0.0699966021066939	0.23919170114529	0.087345845575743
98	0.0944433339996002	0.0528083150109934	0.146412152708375	0.23865680591645	0.0745552668398961	0.015050969418349	0.129762142714371	0.0103337997201679	0.0714971017389566	0.16648011193284
99	0.179592244653208	0.0731361183290026	0.00819508295022986	0.293963621826904	0.048990605636618	0.0252848291025385	0.151489106536078	0.0248051169298421	0.188706775934439	0.00583649810113932
100	0.0471716969818109	0.0403357985208875	0.0285828502898261	0.216010393763742	0.158125124925045	0.00363781730961423	0.284389366380172	0.0721766939836098	0.0881471117329602	0.0614231461123326
101	0.095342794323406	0.00523685788526884	0.17217669398361	0.104637217669398	0.0264441335198881	0.0101938836697981	0.368338996602039	0.0549870077953228	0.161563062162702	0.00107935238856686
102	0.282350589646212	0.0710373775734559	0.0470317809314411	0.188706775934439	0.0239056566060364	0.00427743353987607	0.230201878872676	0.0579652208674795	0.0720767539476314	0.0224465320807515
103	0.125727078294589	0.0636230986028104	0.0238461692218513	0.16312538727538	0.0776149833096804	0.0559875272342042	0.151172320054368	0.0551879909652402	0.0486917587799077	0.235023686261968
104	0.181651009394363	0.0666200279832101	0.0513292024785129	0.40101938836698	0.00845492704377374	0.00331800919448331	0.130141914851089	0.0437337597441535	0.102118728762742	0.0116130321806916
105	0.0765525374267954	0.00687573704303332	0.0186684255761428	0.250084947332654	0.0191681157682237	0.00281825268333633	0.284303731686354	0.16563730487098	0.165257540324999	0.0106334072874818
106	0.24055085846775	0.0929423757270492	0.0367372229217885	0.105974295936519	0.0661589814315125	0.115268533509224	0.142551617996842	0.0617017449181507	0.131058743578981	0.00705562551218245
107	0.178392964221467	0.0425744553268039	0.116130321806916	0.151609034579252	0.0568059164501299	0.0294823106136318	0.148031181291225	0.137877273635819	0.119148510893464	0.0199480311812912
108	0.245887549719174	0.0156902720313406	0.116307889108753	0.146129399772141	0.0741340368971238	0.0451320181487478	0.186924107053627	0.0316803581779297	0.0999980012392317	0.0381163678519318
109	0.084569258444933	0.0125124925044973	0.0705376773935639	0.14171497101739	0.175194883070158	0.0529282430541675	0.228742754347392	0.0559064561263242	0.119148510893464	0.0587447531481111
110	0.184529282430542	0.043453927643414	0.0699980011992804	0.160303817709374	0.0822906256246252	0.0171696981810913	0.20569658205077	0.132960223865681	0.0290825504697182	0.0745152908255047
111	0.138077153707775	0.0164101539076554	0.0384369378372976	0.204097541475115	0.0831700979412353	0.0168299020587647	0.255166899860084	0.143513891665001	0.0269038576853888	0.077393563861683
112	0.0455126923845693	0.0059764141515091	0.137597441535079	0.119688187087747	0.0395162902258645	0.00571657005796522	0.330961423146112	0.0121726963821707	0.202358584849091	0.100499700179892
113	0.120407755346792	0.090305816510094	0.0288027183689786	0.263561862882271	0.0245852488506896	0.0393763741754947	0.194123525884469	0.0418348990605637	0.17555466719968	0.0214471317209674
114	0.0510493703777733	0.071976813911653	0.241754947031781	0.195562662402558	0.0630621627023786	0.00523685788526884	0.146632020787527	0.039736158305017	0.129362382570458	0.0556266240255847
115	0.188079629037416	0.0136112887751839	0.10735129517109	0.181903581707707	0.0954389190917813	0.069175727534378	0.118244323632875	0.0489286856411896	0.140310201471059	0.0369563479373201
116	0.0637417549470318	0.0852888267039776	0.0441135318808715	0.218688786727963	0.00425744553268039	0.0413951629022586	0.30935438736758	0.039356386168299	0.173955626624026	0.0198480911453128
117	0.159161319981611	0.0467909895864564	0.0630808898482941	0.0724550778517319	0.175491195458816	0.0927424996502169	0.232635765825188	0.0596829965421439	0.0952609382183047	0.00269832703723691
118	0.192280785912734	0.0106733825028482	0.108712598189123	0.09140332993544	0.099178509324219	0.0036777198137155	0.278467350242849	0.14710879254862	0.0511283004537187	0.0173692310767324
119	0.170217869278433	0.0583050169898061	0.0539476314211473	0.0448131121327204	0.0473316010393764	0.0126124325404757	0.326604037577454	0.129422346592045	0.142554467319608	0.0141914851089346
120	0.105998520857902	0.00507705530792141	0.0159707369725559	0.309220652021827	0.0766755281936477	0.109856283355654	0.126486637750105	0.172979671790362	0.0332607087889024	0.0444742049611225
121	0.120265435430033	0.00849473326537547	0.0357578301453099	0.115768223701305	0.0703963542603586	0.0130918830325198	0.256700845475805	0.0712957966061042	0.232176050848474	0.0760528472347145
122	0.0724179975614144	0.00559675388274801	0.109916248575826	0.167822662855544	0.0837514241739791	0.0161306442263487	0.214475604149593	0.0914069839493094	0.235363489176278	0.0031181914489596
123	0.118408954627224	0.0530681591045373	0.0659604237457525	0.197561463122127	0.173475914451329	0.0660003997601439	0.142114731161303	0.0406556066360184	0.061523086148311	0.081231261243254
124	0.158028343560735	0.00941453956705111	0.0866897199624218	0.226828439505087	0.0788542645265746	0.0228267604789222	0.271442563313278	0.0563872953686862	0.0370385176597573	0.0524895560574867
125	0.118229062562463	0.00257845292824305	0.0712572456526084	0.0925444733160104	0.0557265640615631	0.0817909254447332	0.206196282230662	0.183689786128323	0.179992004797122	0.00799520287827304
126	0.0282636071078774	0.278658378140678	0.122349037558216	0.175358292190529	0.129245037878031	0.0220672010234064	0.077135261548302	0.0702992264486598	0.0632832956885007	0.0333406624157988
127	0.0420955845609546	0.0551879909652402	0.032381218893042	0.0554278518459294	0.109256631153931	0.171140738371744	0.30650222870735	0.023186551799956	0.178996182214316	0.0258250214875372
128	0.0407163844969917	0.00863499170481121	0.0396969757540626	0.163785004697276	0.043574726658538	0.0025385276539607	0.202262687641168	0.146515021287653	0.121329628815287	0.230946051290252
129	0.0840279027003258	0.0203473846215346	0.0451320181487478	0.15940117127381	0.0369770742139873	0.0740340988587076	0.203094081669365	0.025284323719294	0.305570546261318	0.0461313985329096
130	0.12860540886286	0.013392232505147	0.0349197465470027	0.205180995022887	0.0987027524036059	0.0276639549061544	0.285714285714286	0.0827120270243259	0.0978832277279178	0.0252253692858142
131	0.0699194467209019	0.0175498211037598	0.0500709588438706	0.267984568950009	0.168602210717784	0.0549281416778269	0.164764436626756	0.0305222970677007	0.158108297187631	0.0175498211037598
132	0.0428360118333733	0.000879507475813544	0.0620852322699288	0.321020228671944	0.025065963060686	0.0436955305029184	0.168125849524266	0.233289357959543	0.0503318141840569	0.0526705045174702
133	0.167519488307016	0.0063162102738357	0.261303218069159	0.136977813312013	0.104057565460724	0.0369778133120128	0.1430541674995	0.0549070557665401	0.0737957225664601	0.0150909454327404
134	0.141877710927662	0.0239461112554718	0.0397169641607867	0.267884626916388	0.0944252333646485	0.0340202682444182	0.229307001938875	0.0223670271242679	0.0572867736712707	0.0891682823962102
135	0.207531330575043	0.0298814734864384	0.0325198377006256	0.158821530650996	0.0967600087945474	0.0106933701105315	0.234054885970698	0.0674581759309228	0.160260638404189	0.00201874837600688
136	0.0872676394163502	0.00675594643214072	0.0703777733359984	0.0855286827903258	0.067819308414951	0.0756346192284629	0.188207075754547	0.0955426743953628	0.313791724965021	0.0090745552668399
137	0.102658404957026	0.0689386368179093	0.0928043174095543	0.211593044173496	0.0295822506496102	0.0407955226863882	0.143234059564261	0.0975614631221267	0.174095542674395	0.0387367579452329
138	0.165933802366485	0.0106931563799169	0.010013591301567	0.054405180684362	0.0111928365845859	0.00711544611448673	0.396806044131756	0.20594819315638	0.0508674448353054	0.0870243044451551
139	0.126566591377001	0.0103539946830838	0.177097283575526	0.110355993523756	0.0203681864518579	0.0506306342321454	0.105198984588938	0.0110735773251514	0.221011813148374	0.167342941094165
140	0.170377773335998	0.110633619828103	0.0440335798520888	0.0784129522286628	0.0704577253647811	0.0515890465720568	0.305716570057965	0.011273236058365	0.0927243653807715	0.0647811313212073
141	0.0530660377358491	0.0229852894147745	0.0241645346977934	0.382615126319156	0.115166293572114	0.0296410297409658	0.255896226415094	0.0737727854173329	0.0228853533738407	0.0198073233130796
142	0.177893264041575	0.0362382570457725	0.0160503697781331	0.152068758744753	0.147011792924245	0.00791525084949031	0.289826104337398	0.0294423345992405	0.135698580851489	0.00785528682790326
143	0.131643646684923	0.0015391073177557	0.0174298906634152	0.3109396550001	0.0230666213596114	0.0344600131923484	0.299986008115293	0.0399968018549241	0.120869895460633	0.0200683603509964
144	0.254212556717104	0.0108137280377381	0.128525455235963	0.124587739111315	0.0531091966659338	0.0646425073457395	0.193907533630494	0.120809930240461	0.0196286154030662	0.0297627376121849
145	0.0737157705376774	0.0667199680191885	0.0926444133519888	0.246052368578853	0.0526284229462323	0.042634419348391	0.338836697981211	0.0086148311013392	0.0608035178892664	0.0173495902458525
146	0.15606636018389	0.0270437737357585	0.107095742554467	0.23032180691585	0.0692984209474315	0.0278832700379772	0.16120327803318	0.135078952628423	0.0705376773935639	0.0154707175694583
147	0.106276234259444	0.00981411153308015	0.0926644013591845	0.118708774735159	0.175374775134919	0.0683389966020388	0.272116729962023	0.0632420547671397	0.0839896062362582	0.00947431541075355
148	0.124342907397414	0.0601626991265415	0.0800503687713617	0.112130479102956	0.136635286122604	0.0041174471827467	0.200815494393476	0.11616797585497	0.0627810757330455	0.102796266314885
149	0.128825281336825	0.0631633652481561	0.0566671330628236	0.21031801555098	0.0034180175498211	0.0236862619680585	0.164784425033481	0.155769653600911	0.153271102760399	0.0400967438885446
150	0.10165697267694	0.0644400471707541	0.0475305310707361	0.109632028142552	0.0395554756051248	0.00201874837600688	0.308508724590754	0.135535967700026	0.162839039795327	0.0282824648717795
151	0.0656006396162303	0.104717169698181	0.0778732760343794	0.307135718568859	0.0779132520487707	0.00747551469118529	0.110133919648211	0.0557065760543674	0.190145912452528	0.00329802118728763
152	0.0871494533170761	0.00861500329808711	0.0919866477443083	0.30650222870735	0.105198984588938	0.0295428651382198	0.135641328029743	0.0990425553179156	0.111015610945652	0.0253053229127106
153	0.0250644600347784	0.00595630708960445	0.0541264416062042	0.195079050988387	0.0957606284103856	0.0727948671823469	0.340189082768683	0.0912434290739741	0.119425955907337	0.000359776938298255
154	0.0839296422146712	0.0756546072356586	0.0795722566460124	0.0659404357385569	0.0218069158504897	0.000199880071956826	0.316210273835699	0.0818708774735159	0.157145712572457	0.117669398360983
155	0.232045413660077	0.0140918267404905	0.0509304603330069	0.174878570429151	0.0318615203182154	0.0416158627995762	0.2470766955166	0.0105338903436007	0.129944632113374	0.0670211277459074
156	0.205041076175818	0.0212076995342701	0.0109136700713586	0.281036998540846	0.0359591436966559	0.0286233984289112	0.234783825381279	0.0781546702912311	0.0930660217074097	0.0112134961722201
157	0.166440135918449	0.00871477113731761	0.250249850089946	0.218548870677593	0.00651609034579252	0.0165900459724166	0.120727563461923	0.16236258245053	0.0329802118728763	0.0168698780731561
158	0.236882608087309	0.0308221231685622	0.0145315716884207	0.0583661476343721	0.0620640028783306	0.0027384117212017	0.345479621819345	0.146375102440584	0.0965839812908513	0.00615642927102281
159	0.134219468319009	0.00687587447531481	0.0299020587647412	0.133439936038377	0.0427143713771737	0.022226664001599	0.147831301219268	0.315330801519089	0.113152108734759	0.0543074155506696
160	0.244028702204633	0.0342587595690672	0.023085686874138	0.116487777577902	0.0639803321940397	0.000539665407447383	0.322280186284504	0.111171073934161	0.0821690551857848	0.00199876076832364
161	0.135216165977094	0.0983989926245728	0.00331794287541724	0.20831084727469	0.0352181647378625	0.0600027982650757	0.359916851552038	0.0278427375027483	0.0715556355059863	0.0002198636845156
162	0.227818752373528	0.130199276448602	0.0512882013151846	0.0766724630728948	0.034838400191881	0.00711558833523216	0.117647058823529	0.241670164498011	0.112150466710639	0.000599628230497092
163	0.203617829302419	0.0523685788526884	0.0383369978013192	0.233799720167899	0.0958025184889067	0.019648211073356	0.163681790925445	0.0461523086148311	0.121247251649011	0.0253447931241255
164	0.12234414662909	0.0580440127121185	0.0764925746037457	0.164657912094501	0.0313405688473147	0.0102136675261338	0.267494153624753	0.0907037636665268	0.0925226359657013	0.0861865643301153
165	0.151106314085267	0.0120125522176251	0.0906238132357938	0.246926905318702	0.0652595390857668	0.0364374088065399	0.190821690551858	0.0649197497551518	0.138594071675561	0.003297955267734
166	0.112112732360584	0.028902658404957	0.0756146312212672	0.132140715570658	0.0335998400959424	0.067819308414951	0.290265840495703	0.0412352588446932	0.201858884669198	0.0164501299220468
167	0.105594531390538	0.0442525634106854	0.12846035458016	0.118706402030741	0.192160860266635	0.0364174211988567	0.165217565109632	0.0438927864723871	0.155043872798865	0.0102536427415003
168	0.11705210977633	0.0406564192768194	0.121969257830458	0.151731995442643	0.075136420875892	0.0356793060025185	0.126666533410622	0.155249955026085	0.158727937796078	0.0171300645625537
169	0.0238047649504317	0.0385353373840742	0.0981571794051807	0.217920530860249	0.120582826990726	0.0184881675727534	0.162396066517429	0.191857211384714	0.123161176846818	0.00509673808762392
170	0.131243878550441	0.0449139499090528	0.0560874692678247	0.168802094785025	0.070339203262108	0.0354794219352775	0.263507165843811	0.108517060105139	0.0790741370005397	0.0420356193407823
171	0.0561074576745488	0.0126526614563553	0.0339203262107977	0.119810509904256	0.118351356213396	0.155209978212637	0.11071578484479	0.159547462471766	0.147634372064203	0.0860500909472506
172	0.0347991205276834	0.014611233260044	0.0578852688386968	0.204297421547072	0.055286827903258	0.121047371577054	0.195562662402558	0.0998400959424345	0.169038576853888	0.0476314211473116
173	0.104777133719768	0.00709574255446732	0.142234659204477	0.209894063561863	0.0972016789926044	0.00735558664801119	0.17805316809914	0.0821706975814511	0.104657205676594	0.066560063961623
174	0.224765140915451	0.0536078352988207	0.0976614031581051	0.145432740355787	0.0601239256446132	0.121926843893664	0.120007995202878	0.0586048370977414	0.0682390565660604	0.0496302218668799
175	0.121629454916149	0.042775190389574	0.0229267025125427	0.369585640328609	0.0901677027324152	0.00657618581222891	0.240140718383338	0.0334006276359711	0.0673809190669412	0.00541685822223111
176	0.129419759748956	0.0102536427415003	0.0187483760068757	0.10783314345106	0.0565449421358758	0.0307009654014511	0.319641822070316	0.107513341728129	0.11962583198417	0.0997181747316664
177	0.126928919804909	0.0505117134404733	0.0794954825297833	0.21849764132086	0.156652274726153	0.020288638362517	0.189214040137523	0.0406972095626449	0.10296234108899	0.0147517390261454
178	0.184872773791201	0.022586899598233	0.0344400247856243	0.108756920985828	0.0596853824781627	0.0429151092366427	0.293349857082892	0.0962441783765416	0.0857102880329409	0.0714385656319335
179	0.152871334625917	0.0232265286134042	0.0260049171480541	0.240580463331268	0.0864498590817326	0.013792000639629	0.314117811669232	0.0438345759459513	0.0567270982829959	0.0423954106618161
180	0.103078153108135	0.0302818309014591	0.0527483509894064	0.105976414151509	0.072356586048371	0.02884269438337	0.29356386168299	0.066939836098341	0.212372576454128	0.0338396961822906
181	0.0542674395362782	0.0102738356985809	0.017189686188287	0.244873076154307	0.0542074755146912	0.00935438736757945	0.336058364981011	0.0157905256845892	0.079092544473316	0.178892664401359
182	0.0340981771666134	0.0499080588423409	0.0524664214902462	0.210825071953949	0.0412735849056604	0.0909617844579469	0.323992644707387	0.130176686920371	0.0294211704509114	0.0368763991045731
183	0.0975014991005397	0.0134319408354987	0.102478512892265	0.136677993204078	0.0577653407955227	0.0809114531281231	0.253447931241255	0.110473715770538	0.139236458125125	0.00807515490705577
184	0.086588047171697	0.0081551069358385	0.27907255646612	0.135998400959424	0.0801519088546872	0.0503098141115331	0.282570457725365	0.00541674995002998	0.0600039976014391	0.0117329602238657
185	0.228003198081151	0.0333599840095942	0.127103737757346	0.185768538876674	0.0130121926843894	0.0420947431541075	0.162382570457725	0.0488307015790526	0.148590845492704	0.0108534879072556
186	0.143511023165637	0.208690611820671	0.0607023645339889	0.121444704283344	0.0404749055585537	0.0437928484339709	0.14507005656493	0.0600627610881254	0.129079970418341	0.0471707541324379
187	0.0760343793723766	0.021786927843294	0.10263841694983	0.16514091545073	0.0323206076354187	0.0122126723965621	0.399000599640216	0.0783729762142714	0.0902658404957026	0.022226664001599
188	0.161926082871934	0.0610645825421256	0.0466929181074976	0.149413340262648	0.0414759439525075	0.0250254852185732	0.289851885906174	0.0494313298286994	0.16346519018969	0.0116532411201503
189	0.123046172296622	0.0579852088746752	0.0751149310413752	0.0953627823306016	0.153048171097342	0.0277633419948031	0.22944233459924	0.0907655406755946	0.127103737757346	0.0203677793324006
190	0.110813511892864	0.0820107935238857	0.064361383170098	0.123206076354187	0.109054567259644	0.102838297021787	0.14685188886668	0.0477713371976814	0.169658205076954	0.0434339396362183
191	0.0335398760743554	0.00307815310813512	0.152588446931841	0.219148510893464	0.069018588846692	0.0027583449930042	0.35606636018389	0.0223865680591645	0.0793124125524685	0.0621027383569858
192	0.147994163385237	0.0232065402066801	0.136980551280257	0.109416538407724	0.0672210118131484	0.0114533570529093	0.185172599892063	0.0544883967298967	0.244877970776949	0.019188870455136
193	0.0184681803645667	0.0517468819955229	0.157599136552606	0.138271506236009	0.0433122801407099	0.0447513591301567	0.222337703869524	0.165813879117365	0.138711224816118	0.0189878477774224
194	0.155340582027502	0.016609370003198	0.0666173648864727	0.269467540773905	0.085785097537576	0.0930804285257435	0.103913495362968	0.0699552286536617	0.115426127278542	0.0238047649504317
195	0.147734314097823	0.0944252333646485	0.100861500329809	0.248495872394011	0.0187691139139299	0.00651622059205661	0.166163625097443	0.141378000759559	0.050150912470767	0.0255052069799516
196	0.0211273236058365	0.00913451928842694	0.0704177493503898	0.258604837097741	0.148910653607835	0.0706975814511293	0.26925844493304	0.114691185288827	0.0354587247651409	0.00169898061163302
197	0.0874093026044894	0.0044774031061984	0.240600451737992	0.149633212736613	0.136460852705431	0.003198145075856	0.220252253692858	0.0656619160886686	0.0827120270243259	0.00959443522756801
198	0.07027783330002	0.000479712172696382	0.136078352988207	0.151509094543274	0.0545272836298221	0.0435538676793924	0.156725964421347	0.205576654007595	0.172116729962023	0.00915450729562263
199	0.0731146689052787	0.102536427415003	0.026463592572605	0.133157442385721	0.0808498730786912	0.00237852531430513	0.325917930882853	0.0737542723511423	0.133457256500969	0.0483700105934321
200	0.143867924528302	0.0815677966101695	0.0499280460505277	0.184901662935721	0.0422329708986249	0.0536056923568916	0.120762711864407	0.0525863447393668	0.26487048289095	0.00567636712503997
201	0.0938636817909254	0.115790525684589	0.0506496102338597	0.147431541075355	0.0446332200679592	0.00261842894263442	0.173475914451329	0.302238656805916	0.0611233260043974	0.00817509494303418
202	0.053349057546623	0.00653620899878071	0.0752563513162366	0.11515321113754	0.125567171040796	0.0838713546143237	0.317016130644226	0.0194087429291011	0.182654060644826	0.021187711127546
203	0.134056884731466	0.00117926885331095	0.0203273970138514	0.224280945813596	0.135535967700026	0.148647838340229	0.134216785592932	0.0495292918390598	0.140233055505587	0.0119925646099418
204	0.0903239991205453	0.0229857488357219	0.0829085966700646	0.143670924027103	0.0474106054246367	0.00141912014550978	0.189682396913913	0.125881953189023	0.0886250524674702	0.207091603206012
205	0.066798584877376	0.0481301593012332	0.0872858827526933	0.207131578421379	0.0724151026363655	0.0190681777298075	0.229297835342088	0.0767923887189942	0.10715356478983	0.0859267254302333
206	0.171197281631021	0.0331001399160504	0.0382970217869278	0.057805316809914	0.0724365380771537	0.0435938436937837	0.260663601838897	0.113551868878673	0.209014591245253	0.000339796122326604
207	0.0998021147734314	0.0315417058106298	0.0986227987767095	0.086529812708629	0.105278938215835	0.0554878170661017	0.279198065122229	0.0936656739091327	0.118171460552879	0.0317016130644226
208	0.0462122726364181	0.00939436338197082	0.0871676993803718	0.265120927443534	0.104657205676594	0.0364381371177294	0.366699980011993	0.0126324205476714	0.0436138317009794	0.0280631621027384
209	0.143077015331108	0.0241060185092646	0.0939455116032701	0.163385236562794	0.142897119670591	0.00961442363429211	0.100901477143257	0.0222271082771992	0.197825261348418	0.102020827919807
210	0.0976414151509095	0.0100939436338197	0.0976214271437138	0.224365380771537	0.0767539476314211	0.0241055366779932	0.21814911053368	0.0645412752348591	0.151549070557665	0.0351788926644014
